0.02724295022643667
0.1356023391164946
0.03149109394773782
0.13188307788976947
0.36432923322984984
0.3902881364865069
0.3568842194418521
0.3803686223405767
0.36696217895927036
0.3935795750760658
0.3700580919326504
0.3961242083391442
0.3656844471165338
0.3911588760187755
0.35778368490854684
0.38173975492907364
0.3661329767125528
0.3919893001239099
0.36751465962046115
0.39200006938178694
0.36473589364684134
0.39054548192834304
0.3645294352812918
0.39119573225388515
0.3670786426526572
0.3923680713091521
0.36808061541972975
0.39410673089672194
0.35139935698924646
0.3775275915891588
0.36115968825197314
0.3879176889838598
0.36409486207828196
0.3907894637376252
0.3665242369717411
0.3924953494860314
0.350983071473628
0.37637928231731044
0.360138946542578
0.38509313381858273
0.3599089066853922
0.3867094954116038
0.36481337569078875
0.3889657636949652
0.3659101556793374
0.3920714082057514
0.36884147946619544
0.39505913010325755
0.3700258478522499
0.3973248276434515
0.36176943824999463
0.3862071373806748
0.3679145824684137
0.39446770035868045
0.3665150931280454
0.3927223798622245
0.3562990134453295
0.3797074695927004
0.35746316912426723
0.3811474707323755
0.36525709273749424
0.39132915072560515
0.367455465263905
0.3926994983846011
0.3573938684141527
0.3814685262177477
0.3635794380468052
0.3900800604485555
0.36589283050180876
0.39373000916797246
0.36741552110460285
0.3908631997187695
0.36602132556847944
0.3900941906667396
0.36405010536966637
0.39254703139674385
0.3685002697198677
0.3960347968624139
0.3665507059929654
0.3939999467691729
0.3661281641632393
0.39160003089562634
0.36932080937782086
0.394819888014562
0.3706457042038298
0.39779321620031866
0.35940984532158143
0.38177760392912985
0.367987733217979
0.3937616527248193
0.35953593411359536
0.38400388504504573
0.3634966621986129
0.3920203185998135
0.3586090371158136
0.3825792912472858
0.3635784755369425
0.387324488983272
0.360817997250714
0.3864919811885546
0.3586340623722438
0.38272784956908584
0.3589098214479079
0.3856184718057865
0.3627199167394126
0.3864774366180871
0.36725237568287494
0.39296848793580025
0.371759809369907
0.39761355582307134
0.3673929021228293
0.3949871701666623
0.3731347547087764
0.39797484552747237
0.3586436874708709
0.38397803551682674
0.35937711998624955
0.38583548731894174
0.3653461248997942
0.3926604917176852
0.36152688576459385
0.38630966101583786
0.36322908445678176
0.38712809766328893
0.3667316578471533
0.3900922570306984
0.35821970187635077
0.3840224416287155
0.3632478533991044
0.3886984726606257
0.35697517662387745
0.3804688408132092
0.35075447538123633
0.37486600281455124
0.3647224185087635
0.3918007285802747
0.36732360141271486
0.39289845652457894
0.374707495824431
0.40075167887878077
0.35983431217103284
0.3829193829687647
0.3576152456825741
0.38163279799084454
0.365185385752723
0.39230330808068514
0.3678303628554273
0.39386852800449224
0.37182189125605125
0.39844332591873605
0.3681970791131166
0.3940552747064871
0.3666397381552653
0.392056677685964
0.35230700378977414
0.3778369694371452
0.344024606421226
0.3695058113157757
0.3589839347073359
0.3833866060215893
0.35638467682311
0.3807590592581907
0.3601014086579326
0.3864465383416473
0.354388912622798
0.3825892415050123
0.3540202713453832
0.377648845198514
0.35473445366350786
0.37762671805289927
0.3450198416192595
0.36924339088144226
0.3525904629443398
0.37539409801379053
0.029186275823673804
0.12131857318724729
0.3613146523398681
0.3869871970826531
0.36412710615868243
0.3917621251840616
0.3549933688165747
0.3795734701711248
0.3587745888121983
0.38414358775376894
0.36131417108493674
0.3887077412799677
0.36618447099020734
0.3926115976548759
0.3577644347112929
0.3834807829688249
0.3682885175500733
0.3915516635263331
0.36692271605489957
0.3953302871914997
0.3593853013200825
0.38728695196100243
0.36814077228614855
0.3943491239147598
0.3624253887214258
0.38607920203788915
0.35948492109087216
0.3818800599140673
0.36856572039053137
0.39649341389419657
0.3557917707476857
0.3837722996278916
0.35934728218050577
0.38464083392622345
0.3676234232349464
0.3919293526784005
0.3606428204557023
0.386572387768264
0.3501466504029402
0.37557673316414264
0.3579766681360186
0.3844281093161297
0.3628291616088292
0.3869548210557683
0.36154709847171057
0.38661835701987357
0.3734427578648409
0.4008765494534274
0.3583111403133074
0.38603648449390326
0.36542216317894766
0.3914841607174837
0.3606485955148785
0.386011074934322
0.370606241299459
0.395933836665445
0.3653634500773228
0.39104433596552757
0.35677112453298465
0.3807060906312706
0.3664929554012033
0.3934290777381778
0.3587442697515232
0.3832590106245892
0.35555403081159836
0.3809165490226234
0.34975490888882055
0.37396438900404577
0.3581407760676092
0.382351391916083
0.3685676454102568
0.39174498229604293
0.36867400275008533
0.39466467388564574
0.36806329024220114
0.3915339429754395
0.37059517243603796
0.3983422454787787
0.3578727170708468
0.3822164333350466
0.3571628660471043
0.3807730581118971
0.3660891825137999
0.3891325629919647
0.3658875366975639
0.3893968411712958
0.35460740236163124
0.38017117479949597
0.3603608050659307
0.3853437422951156
0.3676344920983675
0.3944204782871212
0.03217768713627479
0.1475801667970966
0.03447765301165656
0.15444476277639485
0.15528749120884247
0.24993682499059225
0.15546314925878552
0.2482926183070154
0.15738239392501274
0.25223993663513455
0.15497130671894496
0.24862878777534358
0.15747046357744995
0.2539516107182882
0.15453480849620974
0.24973345275440476
0.15709845351551574
0.2515458772080505
0.15393708987147198
0.24739069879093115
0.15265983928366683
0.2464039076000457
0.15436973805475637
0.24337069687399052
0.1548582118100775
0.2521060858044736
0.15349770411914865
0.24508751548515118
0.15780301073501338
0.2509450508519082
0.15310115005571556
0.2456224800563131
0.15374362538906894
0.25168389730764135
0.1517237984421894
0.24576144987450968
0.1535131042769519
0.2517507105703454
0.15583227179113163
0.24670452435439533
0.1533153085001667
0.24606759007312645
0.15929105098275023
0.25203561411478254
0.15668120549003453
0.24153050242273355
0.15715139155796434
0.24865927992969059
0.15728133038942904
0.25521524426480297
0.15296495491014325
0.24925262440311247
0.15688573883585866
0.2555554725800748
0.15695359578117912
0.2520026808082621
0.15382591998232995
0.24711099679379211
0.15253808178603503
0.2478842334631366
0.15430091859957323
0.24763427888962738
0.1557523834725274
0.2451864540279539
0.03227473210991959
0.13283805769863308
0.03125333376230806
0.13452492457414603
0.028841766167234762
0.13672271315693477
0.029601143086005328
0.13416560283242074
0.028043571259006275
0.11877229656302023
0.028235235081954756
0.132013709908709
0.029399774765692364
0.1373115160786322
0.029047986736229964
0.13027871656053677
0.027039155781782592
0.12418857024126082
0.028087241497146434
0.12122579238598882
0.02854577899761812
0.12966237616653498
0.031175697783392218
0.14681917157189012
0.027669948110473793
0.11449034358718849
0.026524817421465147
0.10240559491146546
0.026233682500530743
0.10214417705811589
0.023533406108864164
0.09582417914054783
0.022618757232261918
0.10131412321065053
0.027973213653113796
0.13718147139319536
0.02724295022643667
0.1356023391164946
0.03149109394773782
0.13188307788976947
0.026578192156969785
0.13311318735445063
0.029186275823673804
0.12131857318724729
0.03217768713627479
0.1475801667970966
0.03447765301165656
0.15444476277639485
0.03227473210991959
0.13283805769863308
0.03125333376230806
0.13452492457414603
0.028841766167234762
0.13672271315693477
0.029601143086005328
0.13416560283242074
0.028043571259006275
0.11877229656302023
0.028235235081954756
0.132013709908709
0.029399774765692364
0.1373115160786322
0.029047986736229964
0.13027871656053677
0.027039155781782592
0.12418857024126082
0.028087241497146434
0.12122579238598882
0.02854577899761812
0.12966237616653498
0.031175697783392218
0.14681917157189012
0.027669948110473793
0.11449034358718849
0.026524817421465147
0.10240559491146546
0.026233682500530743
0.10214417705811589
0.023533406108864164
0.09582417914054783
0.022618757232261918
0.10131412321065053
0.029407053138715725
0.13132972742177554
0.02145179142418319
0.10084262476919116
0.02151244453271119
0.10900574929908212
0.021412973434725268
0.09912031384435421
0.02317919195506064
0.11209395844309993
0.01975835663408142
0.10038035610006532
0.019899071845866378
0.10477530845217875
0.020930174690842386
0.10566763561700147
0.019018388710039812
0.09639679703519309
0.020903487323090067
0.09811999660280629
0.020066474425403658
0.11034771367077252
0.029737006049108047
0.13487745123416567
0.02108059439999183
0.091569956972495
0.021602211133332633
0.0979661860052086
0.020423114703548302
0.0883309756098005
0.019610363049273098
0.09081737369094106
0.023251975685294243
0.10385136057264648
0.02236644030078544
0.09576128500762887
0.025425783094937777
0.11230034445312666
0.024547526083452332
0.10721016365759307
0.02446503785585425
0.10577578048033653
0.02310883434916816
0.1097711473360626
0.02988742575825749
0.13774382997341614
0.023441213383901607
0.1129484651990479
0.021301371715033747
0.10326087014933784
0.02404531834484049
0.10653373489396648
0.024008926479723688
0.10456405912379223
0.0227740291900936
0.09725441140651
0.024399532498644013
0.10583402460174188
0.024399532498644013
0.10583402460174188
0.02254839962636944
0.11678719859511302
0.02384637614886865
0.10567716730739017
0.022550825750710556
0.09997669768240663
0.03190353508572822
0.14848642382868824
0.022126253991014554
0.10797416610576696
0.01851132872274573
0.07398782382402314
0.02392643825212561
0.12217663802332183
0.023943421122513447
0.12823950431771622
0.02261147885923856
0.11651681286781262
0.022063174758145437
0.1119643150197949
0.022182054850860316
0.11228253354271132
0.020491046185099664
0.11664734277970257
0.025595611798816177
0.1258567658718204
0.023363577404985764
0.11588059895119335
0.03309233601287703
0.14205063755445288
0.02518802290950802
0.12172178396205997
0.02466883230050833
0.1129613558519114
0.025527680317264816
0.10666819285058332
0.02442136761771409
0.12163827028980277
0.024758598901129775
0.124982368140424
0.022242707959388316
0.11180367323249009
0.02448929909926545
0.12598153333252224
0.017305544925209082
0.0643845120158369
0.023271384680023204
0.11852827638475463
0.0260104790611477
0.12158199703077203
0.03386141742901208
0.14393786528207866
0.025328738121292976
0.12312170262958046
0.025940121455255222
0.13162107270719037
0.030139742689733972
0.13362122637118537
0.027633556245356992
0.1280628368333459
0.029123196590804683
0.13047728545974233
0.026789264974647228
0.13025909782833295
0.029666648443215565
0.1286216994485111
0.022701245459859996
0.09399606401969275
0.031107766301840856
0.13792388996258598
0.028164877476062278
0.12822904457954748
0.03308990988853591
0.13796751220301537
0.026294335609058746
0.13027891974485203
0.02748556266054867
0.12785419628046
0.026925127937749947
0.12897304182313457
0.025615020793545138
0.12217231002146546
0.026277352738670903
0.12170928365195599
0.028278905320094916
0.13502444920003312
0.027817941695282115
0.13926484475401146
0.029632682702439888
0.14501019535225015
0.027820367819623232
0.1337265234234238
0.026745594736507065
0.12667929421730773
0.029407053138715725
0.13132972742177554
0.02145179142418319
0.10084262476919116
0.029737006049108047
0.13487745123416567
0.02988742575825749
0.13774382997341614
0.03190353508572822
0.14848642382868824
0.03309233601287703
0.14205063755445288
0.03386141742901208
0.14393786528207866
0.03308990988853591
0.13796751220301537
